24.099999999998545
10.599999999998545
11.099999999998545
42.400000000001455
51.94999999999982
-29.400000000001455
-2.0
17.60000000000582
95.59999999999127
98.69999999999709
-49.69999999999709
-50.30000000000291
-50.0
-51.80000000000291
-12.200000000004366
81.64000000000033
-7.0
63.599999999998545
-36.69999999999709
17.0
43.0
-76.80000000000291
74.0
92.0
6.0
28.200000000004366
73.0
25.900000000001455
60.900000000001455
-67.30000000000291
6.0
50.80000000000291
-33.0
-63.0
-44.799999999995634
-74.0
-80.0
74.29999999998836
9.599999999998545
-19.899999999999864
22.789999999999964
-12.0
0.0
18.399999999997817
18.799999999999272
-81.0
-26.0
68.0
50.0
71.0
20.60000000000582
-51.5
-59.0
5.19999999999709
-16.0
-41.0
95.0
-95.0
72.0
97.0
-84.09999999999854
-41.0
-19.0
12.799999999995634
-88.0
-90.30000000000291
78.59999999999127
-4.0
-86.0
-46.0
-72.0
-73.0
-76.30000000000291
3.3999999999941792
-97.0
78.5
-56.79999999998836
-30.0
-48.0
-50.099999999998545
21.0
-55.90000000000873
21.100000000000364
17.40000000000873
16.69999999999709
97.09999999999854
-1.0
-87.0
-77.0
71.0
-68.0
73.0
-70.67000000000007
7.0
73.89999999999964
29.0
-51.30000000000291
-15.0
53.0
63.0
42.0
-73.0
93.0
-34.80000000000291
-66.39999999999418
16.799999999995634
-55.0
-75.0
-44.10000000000582
-72.80000000000291
61.0
-5.100000000005821
-54.29999999998836
-56.39999999999418
-56.799999999995634
98.0
83.10000000000582
-86.0
-95.0
-85.0
9.099999999998545
51.0
98.40000000000146
-29.5
-71.0
-1.0
16.89999999999418
84.0
71.30000000000291
-91.0
-37.0
19.39999999999418
6.0
-89.0
56.0
-85.0
1.0
37.0
37.0
98.0
4.0
-24.69999999999709
29.0
29.0
-90.79999999999563
60.299999999995634
5.0
46.69999999999709
82.0
52.0
87.0
72.0
-96.0
-95.0
-40.0
-96.20000000000437
70.0
2.2000000000007276
56.0
1.0
-18.69999999999709
-63.5
-84.0
-37.10000000000218
79.0
64.0
50.0
-80.0
76.0
-61.0
21.0
74.0
-50.400000000001455
-23.0
-58.900000000001455
-79.80000000000291
59.20000000000073
26.299999999995634
-72.39999999999418
15.0
79.0
0.8999999999978172
-34.400000000001455
42.5
67.0
-74.0
-92.90000000000873
-61.0
95.70000000000073
-3.399999999999636
-86.0
7.0
-89.0
51.0
47.0
10.900000000001455
49.0
-73.0
10.0
-51.0
48.0
39.400000000001455
99.0
64.0
-41.0
58.0
-71.0
17.0
-42.0
-7.0
-16.0
49.0
-58.969999999999345
-50.0
45.0
-72.29999999999927
-35.69999999999709
-8.0
76.0
45.900000000001455
49.48999999999978
2.0
-32.69999999999891
-18.299999999999272
-20.0
97.0
61.0
94.20000000001164
-67.40000000000873
-83.20000000000073
78.0
-27.0
-81.89999999999418
72.0
36.700000000004366
-5.0
32.0
-65.0
-11.69999999999709
-46.799999999995634
-5.0
13.5
-24.0
15.0
69.20000000000437
-41.0
15.0
-54.19999999999709
-13.0
-80.10000000000582
-0.9000000000087311
-8.5
-73.0
-95.31999999999971
-86.09999999999854
32.299999999995634
72.0
54.0
-60.0
-25.0
-55.30000000000291
-11.5
-16.0
75.0
-21.60000000000582
-97.29999999998836
-86.80000000000291
51.0
66.0
97.69999999999709
95.0
53.38000000000011
-35.0
-24.0
-31.200000000000728
13.5
68.0
-92.0
-96.5
-21.0
-25.30000000000291
44.30000000000291
-64.0
33.0
-87.90000000000873
2.5
-64.67599999999999
-45.099999999998545
3.900000000001455
-72.0
-95.0
-65.79999999998836
-70.80000000000291
-18.19999999999709
-4.69999999999709
40.0
3.5
-64.0
1.0
-40.5
7.7999999999883585
5.0
-74.70000000000073
42.599999999998545
-49.20000000001164
-47.0
-46.80000000000291
-93.0
-73.0
-72.0
-92.0
13.0
-22.0
-8.400000000001455
44.0
28.0
90.0
-84.0
-85.0
74.0
73.0
42.0
16.399999999999636
-26.19999999999709
-49.0
9.0
-12.670000000000073
17.299999999999272
-17.80000000000291
41.0
40.0
-89.60000000000218
-81.0
-41.19999999999709
-97.0
29.0
38.099999999998545
-57.30000000000291
27.0
-18.0
86.5
89.80000000000291
-24.200000000000728
92.40000000000146
-39.0
45.0
-54.0
74.0
90.0
-44.0
88.0
54.0
-38.0
8.0
51.5
-26.0
60.0
-57.400000000001455
14.0
-92.0
64.0
71.79999999999563
-30.900000000001455
-66.09999999999854
-50.900000000001455
47.0
80.0
-45.0
82.0
-70.0
-22.0
59.0
-10.599999999991269
-25.09999999999127
62.200000000004366
62.5
-16.5
77.0
-48.0
-83.09999999999854
-51.0
-22.0
97.0
75.90000000000146
-28.0
-4.0
21.0
-68.0
12.0
61.0
52.0
-5.0
9.80000000000291
-32.40000000000873
-53.0
-54.0
90.19999999999709
41.0
-20.0
56.0
-67.0
22.0
3.0
-39.0
-74.0
99.79999999999927
-86.0
-33.5
-93.53999999999996
81.40000000000146
80.0
52.0
-76.0
8.899999999999636
91.70000000000437
40.10000000000582
87.19999999999709
-64.30000000000291
-59.0
85.0
-89.0
-98.0
-60.0
-7.100000000000364
-48.0
-27.799999999995634
41.0
84.0
49.0
-59.0
46.0
84.20000000001164
-90.70000000000073
-34.0
68.0
-95.0
93.0
-11.0
55.400000000001455
-98.0
-36.0
-60.0
-90.10000000000582
-71.80000000000291
36.400000000001455
-44.0
-74.20000000001164
18.0
-24.099999999998545
-73.10000000000582
15.0
16.0
-60.0
63.0
-1.0
-12.0
-1.0
10.0
-84.0
58.0
-18.0
-77.20000000001164
41.0
-34.0
-69.0
-38.69999999999709
33.60000000000582
31.0
74.17999999999938
82.0
-84.80000000000291
21.400000000001455
27.0
-33.0
-42.0
27.400000000001455
-76.5
-39.599999999998545
9.0
6.599999999991269
-6.0
-89.0
43.10000000000218
-68.0
39.0
4.0
82.09999999999854
33.0
-55.5
6.1599999999998545
-25.19999999999709
26.5
15.0
92.19999999999709
81.0
-96.90000000000146
-98.40000000000146
20.0
93.0
74.0
38.700000000004366
-80.0
-66.19999999999709
-96.0
61.69999999999709
-41.0
20.0
45.935
-1.4410000000000025
20.0
-95.10000000000582
98.89999999999964
-87.0
-76.0
40.0
-35.0
-59.0
1.0
3.0
4.0
78.0
-19.19999999999709
-49.0
-86.69999999999709
84.69999999999709
-22.299999999995634
-22.69999999999709
46.69999999999709
63.0
-43.599999999998545
89.69999999999709
32.30000000000291
54.70000000000073
44.26000000000022
-83.0
-68.0
-18.799999999999272
-92.0
93.0
-88.0
-27.0
-84.0
-95.0
-72.0
-28.700000000000728
10.0
-91.0
29.840000000000146
43.0
-40.0
-62.5
-72.69999999999709
-87.59999999999127
94.80000000000291
-95.59999999999854
17.0
-22.30000000000291
-92.0
-20.0
-73.5
-39.5
23.0
96.79999999999927
-14.0
52.899999999999636
-6.30000000000291
-41.5
9.80000000000291
96.0
-71.89999999999418
22.0
30.69999999999709
3.900000000001455
57.0
-26.329999999999927
8.80000000000291
-90.5
-2.6999999999970896
-3.2000000000043656
10.400000000001455
8.0
-6.725999999999999
-99.20000000000073
-25.599999999998545
28.0
12.0
8.0
-20.29999999998836
36.0
-13.80000000000291
-44.20000000001164
-68.0
66.0
-90.03999999999996
-34.70000000000073
-69.5
16.39999999999418
2.7999999999956344
-69.0
80.10000000000218
-2.8000000000029104
81.40000000000146
97.0
52.0
-1.0
-71.10000000000582
33.900000000001455
50.24000000000024
-49.19999999999709
-86.70000000000437
47.69999999999709
-38.099999999998545
-91.0
-60.0
24.600000000000364
68.19999999999709
35.0
-58.900000000001455
27.0
52.0
-38.299999999995634
59.5
66.0
37.0
43.0
78.60000000000582
-44.39999999999418
-10.0
-38.969999999999345
-35.01999999999998
-20.36999999999989
-47.099999999998545
30.400000000001455
17.80000000000291
-90.79999999999563
-45.0
-37.0
26.900000000001455
-89.0
-88.30000000000291
72.0
9.0
-19.0
-68.40000000000873
-69.30000000000291
7.299999999995634
94.69999999999709
85.0
24.0
30.0
-1.2999999999992724
-42.90000000000873
-63.0
-8.0
-92.0
-98.70000000000073
73.89999999999418
-16.0
-39.0
41.0
21.19999999999709
-1.1000000000058208
47.0
-24.30000000000291
90.0
2.1000000000058208
-74.0
-73.29999999999927
-72.20000000000073
-81.5
90.09999999999854
20.0
-13.60000000000582
75.10000000000582
-10.0
-5.0
92.0
19.0
41.0
-92.29999999999563
-27.5
99.0
99.70000000000073
55.599999999998545
28.900000000001455
-65.40000000000146
2.0
90.0
-33.03199999999998
-87.0
-89.90000000000873
70.19999999999709
77.0
57.0
99.0
89.0
-38.09999999999127
-77.90000000000146
-49.0
7.0
-55.29999999998836
-15.799999999995634
-32.0
7.0
-30.900000000001455
-16.0
-41.0
26.0
71.20000000000073
-85.40000000000873
-80.30000000000291
79.0
94.89999999999418
-73.0
-24.0
-20.0
34.5
-0.6999999999970896
81.0
45.0
-99.0
1.0
87.5
30.599999999998545
-12.0
78.0
-62.0
5.799999999999272
-62.0
-81.0
-30.799999999995634
14.0
-72.5
-85.39999999999418
23.0
99.0
7.5
56.0
-31.0
26.5
82.59999999999854
27.100000000002183
89.0
-8.799999999999272
14.60000000000582
-55.0
-85.0
96.0
-40.0
-93.73000000000002
-41.0
49.0
-30.099999999998545
-41.39999999999418
-30.0
-7.400000000001455
-95.69999999999709
-88.14000000000033
-20.200000000000728
24.0
-31.69999999999891
-66.39999999999964
-80.0
-55.0
70.0
33.0
-83.0
28.89999999999418
3.7999999999992724
3.0
-47.0
2.0
44.5
-92.75
-40.0
-12.69999999999709
62.29999999999927
-73.20000000000437
41.0
79.0
-29.400000000001455
2.0
-82.69999999999709
-15.599999999998545
-2.0
-45.29999999999927
-46.099999999998545
-71.40000000000146
22.099999999998545
63.0
-45.599999999998545
66.79999999999927
22.0
-71.5
62.0
45.0
-62.0
-53.89999999999418
7.100000000005821
-47.69999999999709
-38.30000000000291
14.30000000000291
70.0
52.3100000000004
82.90000000000873
-52.0
92.0
20.0
72.0
44.10000000000582
-25.0
97.09999999999945
75.0
99.0
91.19999999999709
7.30000000000291
89.0
-70.0
96.0
33.0
-55.0
-84.0
-72.90000000000146
-17.299999999999272
24.30000000000291
32.69999999999709
-27.5
-65.0
-1.4000000000087311
-32.69999999999709
-90.0
1.0
66.0
-34.69999999999709
32.0
41.29999999999927
63.0
0.0
49.59999999999127
-74.39999999999418
-63.10000000000582
28.0
67.89999999999418
84.5
-34.89999999999418
-50.0
72.18000000000029
71.86999999999989
30.0
65.60000000000582
-39.099999999998545
-85.20000000000073
-86.79999999999927
6.0
26.0
56.20000000000073
52.700000000004366
52.400000000001455
44.40000000000873
-91.0
63.0
42.0
7.900000000001455
-95.59999999999854
57.0
71.0
49.0
63.09999999999127
85.0
-26.0
-26.76000000000022
84.59999999999854
-99.0
0.9000000000014552
13.0
35.5
50.09999999999127
-21.0
-42.09999999999127
85.0
-82.0
-42.39999999999418
52.79999999999927
-41.400000000001455
12.0
-59.0
16.0
87.0
79.19999999999709
-93.10000000000582
52.99000000000024
-67.0
-29.379999999999654
-36.700000000004366
87.29999999999927
91.70000000000437
-67.0
-95.20000000000073
-69.20000000000073
7.0
24.899999999997817
39.0
-5.19999999999709
-72.0
46.0
-15.0
-44.0
-27.05999999999949
-45.60000000000582
-79.44000000000051
-4.400000000001455
47.19999999999709
-71.0
51.0
-76.0
86.0
30.10000000000582
87.59999999999854
60.5
12.0
36.0
37.0
-74.0
33.0
-95.80000000000291
7.7999999999883585
33.0
14.0
-53.0
-98.40000000000146
7.5
-22.0
68.29999999999927
-2.0
3.0
74.19999999999709
23.00999999999931
84.69999999999709
90.0
-46.599999999998545
80.5
40.0
24.829999999999927
-27.0
-25.60000000000582
19.0
-56.0
14.5
-20.899999999997817
14.799999999995634
53.30000000000291
-14.0
-47.900000000001455
68.0
-10.0
44.0
91.20000000000073
16.0
5.5
79.0
47.0
-47.0
-31.0
70.0
-99.19999999999709
52.0
-48.0
-59.20000000000073
88.0
-60.0
48.460000000000036
23.0
11.0
-78.0
-60.0
69.70000000001164
34.59999999999127
60.0
76.0
-77.0
2.0
1.2000000000116415
48.89000000000033
5.0
91.10000000000582
47.0
83.0
-31.0
-61.099999999998545
6.0
90.0
-66.0
-18.40000000000873
-44.0
94.0
33.19999999999709
43.0
43.0
5.600000000002183
15.0
71.79999999999927
-57.0
-89.0
72.0
53.20000000000073
86.60000000000218
-98.5
88.59999999999854
88.29999999999927
-81.0
-7.0
-47.900000000001455
-50.0
90.55999999999949
-33.20000000001164
-43.30000000000291
-68.0
53.400000000001455
-63.0
-85.94000000000005
74.10000000000036
-95.0
67.0
88.0
51.0
90.0
97.0
96.0
25.39999999999418
8.5
20.19999999999709
91.94000000000051
63.0
46.0
-15.0
7.0
-24.30000000000291
27.0
28.0
71.0
-76.0
-68.5
32.0
-71.0
57.400000000001455
-97.0
11.5
-51.80000000000291
-1.0
30.0
69.90000000000873
35.09999999999127
-70.0
33.5
14.0
59.0
-65.0
-61.39999999999418
-71.0
53.0
75.0
-17.0
-15.89999999999418
-16.400000000001455
69.40000000000873
33.0
41.0
35.200000000004366
79.26000000000022
-58.0
-88.80000000000291
49.0
45.33999999999969
98.40000000000146
0.0
-8.0
10.0
45.0
48.0
97.60000000000036
55.0
44.80000000000109
-98.0
77.0
-13.0
23.0
19.0
-24.0
-80.80000000000291
97.0
56.69999999999709
-67.0
21.0
20.0
95.30000000000291
-34.0
-24.0
-73.80000000000291
3.5
9.0
9.0
-31.0
94.0
-74.5
-45.0
-93.0
-81.30000000000291
-14.0
98.26000000000022
81.92000000000007
80.0
-69.33600000000001
-97.0
36.0
75.82999999999993
75.61000000000013
-15.0
-6.700000000000728
79.40000000000146
-71.70000000001164
46.5
-49.0
94.76000000000022
23.320000000000164
28.0
-44.099999999998545
33.0
-5.0
36.0
19.0
18.0
40.0
29.0
-72.0
-5.0
98.0
-49.29999999999927
-20.0
94.09999999999854
22.19999999999709
-16.0
54.69999999999891
51.89999999999418
53.0
52.0
-38.0
41.39999999999418
-52.39999999999418
47.399999999999636
-46.0
48.0
-98.0
85.0
-59.0
-17.900000000001455
-33.0
65.7957
75.0
-42.5300000000002
-8.89999999999418
-95.80000000000291
65.0
76.0
-28.0
65.0
-93.59999999999854
3.0
70.58000000000038
93.20000000000437
64.0
33.0
52.599999999998545
-95.0
-61.0
23.19999999999709
68.10000000000582
52.0
79.09999999999854
22.10000000000582
97.0
0.0
48.899999999999636
98.90000000000146
-71.39999999999418
-69.0
-17.0
-89.70000000000437
-31.599999999998545
-32.400000000001455
76.0
76.0
-88.0
57.0
-3.0
23.5
42.79999999999927
42.20000000000073
93.89999999999782
-29.773000000000025
42.5
35.599999999998545
38.0
54.599999999998545
40.0
-77.30000000000291
-23.0
-82.59999999999945
34.0
-9.900000000001455
93.0
-32.0
-40.10000000000582
86.0
-43.0
68.40000000000146
-21.0
68.59999999999854
-20.900000000001455
5.700000000004366
-51.0
87.0
-59.0
22.30000000000291
-67.0
-11.0
-52.0
94.39999999999418
73.89999999999418
-56.5
-39.80000000000291
-68.0
35.10000000000582
-70.0
33.0
-58.38000000000011
-89.0
-99.0
10.599999999998545
83.20000000000437
7.200000000004366
2.0
94.5
64.0
7.0
75.0
5.0
-92.0
40.30000000000291
39.0
38.0
-70.0
4.0
-98.43000000000006
92.0
87.59999999999854
92.0
-81.0
-60.18000000000029
-7.0
20.5
58.0
53.0
-82.30000000000291
-91.0
-60.0
-94.0
-39.0
13.700000000000728
85.0
84.60000000000218
-84.60000000000582
65.19999999999709
55.0
61.0
65.80000000000291
9.0
-6.0
18.69999999999709
40.0
25.0
37.0
-18.0
-12.5600000000004
-47.54999999999973
-63.0
16.0
-58.0
87.30000000000291
30.80000000000291
-89.0
42.19999999999709
-2.7000000000007276
-83.0
64.0
-29.0
51.0
-23.0
27.59999999999127
7.0
71.40000000000873
99.0
96.30000000000291
-4.0
-64.0
-79.5
87.0
-23.19999999999709
22.0
-38.0
-94.19999999999709
3.6000000000058208
91.0
88.0
19.19999999999709
-23.0
7.30000000000291
-2.0
-7.0
-60.19999999999709
7.5
-47.0
-1.0
6.0
-52.0
-0.8000000000029104
99.30000000000291
5.100000000005821
5.5
88.0
57.0
-81.5
42.0
10.0
-93.39999999999418
-90.39999999999782
10.099999999998545
70.0
75.39999999999782
79.0
-46.0
4.0
35.0
72.30000000000291
86.0
86.0
-80.69999999999709
82.29999999998836
-56.099999999998545
25.0
-80.0
-34.0
-52.5
-89.0
-19.5
-25.20000000001164
34.0
0.0
-7.0
-93.0
-55.89999999999418
-55.80000000000291
-36.39999999999782
38.0
78.79999999999563
24.60000000000582
-6.69999999999709
-47.10000000000582
20.5
64.30000000000291
2.0
69.0
59.0
15.19999999999709
-25.5
-88.0
-33.0
-69.0
70.29999999999927
36.5
32.69999999999709
18.0
-38.0
71.0
19.19999999999709
18.80000000000291
43.0
-95.0
44.59999999999127
-9.600000000002183
-85.09999999999854
9.0
42.39999999999418
87.0
67.0
57.0
-72.0
55.0
93.0
51.0
-76.90000000000146
68.0
70.90000000000873
-42.39999999999418
25.0
-31.20000000001164
-64.89999999999418
-26.0
18.0
-83.0
-55.0
45.0
-10.0
4.400000000008731
51.0
56.69999999999709
-39.0
-20.019999999999982
-66.0
-71.60000000000582
48.59999999999127
-15.299999999999272
80.39999999999418
79.90000000000873
15.0
-70.30000000000291
-24.599999999998545
-71.79999999999563
-53.0
-20.0
8.0
49.0
85.10000000000036
-78.81999999999971
-26.0
97.79999999999927
-61.0
-25.0
-1.0
49.19999999999709
-49.900000000001455
-83.59999999999127
-35.0
76.20000000000073
93.91000000000167
-27.80000000000291
-79.29999999999563
-92.0
75.0
46.0
47.0
-51.0
-5.0
-59.0
32.0
-82.0
-83.39999999999418
64.79999999998836
64.5
-6.0
-38.0
-23.5
9.0
85.19999999999709
-76.0
50.80000000000109
-17.0
87.59999999999127
6.399999999994179
-68.5
5.0
80.0
-4.0
-72.0
-0.09999999999854481
-50.599999999998545
-83.0
-75.0
35.0
46.0
-87.0
-90.0
-1.0
32.0
-3.0
-28.0
-55.200000000004366
-22.200000000004366
-76.0
9.299999999995634
84.19999999999709
22.0
30.69999999999709
-13.0
-78.98999999999978
-69.40000000000146
-73.80000000000291
-75.92000000000007
86.19999999999709
72.39999999999418
-28.0
53.0
97.39999999999418
14.0
27.0
56.0
78.39999999999418
96.0
71.05700000000002
-1.0
-90.0
-23.5
-23.400000000001455
17.5
95.80000000000291
17.0
-37.30000000000291
33.0
-1.0
25.0
91.0
11.0
28.799999999999272
93.0
-91.90000000000146
-46.5
15.700000000000728
36.5
83.0
-59.099999999998545
87.69999999999709
-36.70000000000073
41.29999999999927
42.0
43.400000000001455
0.0
30.600000000002183
-66.0
-2.0
32.61000000000058
-42.60999999999967
-27.259999999999764
54.80000000000291
-77.0
-47.80000000000291
32.0
62.0
-14.0
88.0
-25.40000000000873
-20.0
85.0
-27.0
-20.39999999999418
-67.0
-7.0
63.0
-65.60000000000582
65.0
65.0
25.0
68.0
76.0
-30.0
-30.0
11.0
-78.90000000000146
98.80000000000291
-54.900000000001455
4.0
10.0
-59.10000000000582
40.0
-51.30000000000291
31.0
79.80000000000291
77.10000000000036
-44.5
75.0
28.0
-52.0
46.400000000001455
-95.0
63.0
8.69999999999709
2.0
-60.0
-45.679999999999836
80.0
80.80000000000291
-42.0
5.099999999998545
19.0
-13.0
-24.0
-24.19999999999709
70.0
14.0
-7.099999999998545
6.0
-93.0
-16.5
-40.0
-56.5
-47.5
62.0
58.0
-86.0
73.30000000000291
36.0
-63.099999999998545
10.200000000004366
94.43999999999983
61.69999999999709
-46.5
-55.0
9.0
-40.0
-24.840000000000146
30.0
-64.0
-83.0
-83.0
-78.0
-58.0
63.89999999999418
92.0
-9.0
-5.0
-93.59999999999854
-8.0
43.599999999998545
63.0
-39.0
-7.5
28.0
-43.0
-44.0
74.09999999999854
-19.0
-82.80000000000291
83.0
-95.0
92.69999999999709
-15.700000000000728
-6.19999999999709
-57.09999999999127
65.0
21.0
-43.599999999998545
-42.400000000001455
-99.0
-56.0
78.22999999999956
57.19999999999709
-35.69999999999709
-53.5
-77.0
55.0
-41.59999999999127
42.10000000000582
3.0
-5.0
-93.0
-15.0
28.30000000000291
-9.30000000000291
5.899999999994179
-71.0
-10.0
-45.0
-77.0
85.30000000000291
50.19999999999709
-0.3000000000029104
-73.30000000000291
-78.0
-60.5
-25.900000000001455
-67.0
0.40000000000873115
34.0
-99.0
-82.0
-96.89999999999782
38.0
-94.0
64.0
52.0
-20.0
81.0
2.0
34.10000000000582
82.90000000000146
-48.0
72.5
-83.60000000000582
-62.0
-40.599999999998545
-52.0
52.0
87.19999999999709
70.0
4.0
38.11999999999989
29.0
-53.0
67.39999999999964
59.0
-43.5
31.099999999998545
-79.5
70.0
26.0
-40.30000000000291
1.0
-55.70000000001164
-58.599999999998545
-88.0
-7.0
-64.80000000000291
-13.0
-89.59999999999854
-90.06999999999971
58.29999999999927
-10.0
-8.0
69.29999999999927
74.10000000000582
36.70000000000073
-31.19999999999709
8.0
-70.0
-93.39999999999418
-94.19999999999709
41.0
-62.900000000001455
77.0
-83.69999999999709
45.89999999999418
-95.0
-75.0
-82.0
-48.0
23.0
-88.0
48.20000000000073
86.80000000000109
-93.29999999998836
62.0
-8.0
7.0
31.69999999999709
45.0
-87.80000000000291
-98.0
-98.0
-1.0
-20.39999999999418
23.0
35.0
35.5
-62.899999999999636
-4.0
-88.39999999999418
2.0
11.0
12.0
-32.0
-96.0
-69.10000000000036
24.0
-11.0
20.19999999999709
-28.0
-27.0
60.09999999999127
-50.0
-99.0
22.0
21.0
-27.0
34.0
-9.0
-53.0
21.090000000000146
-58.0
-29.0
-89.60000000000582
-32.0
34.70000000000073
35.10000000000218
-78.0
-89.0
-93.0
-41.23000000000047
-11.0
76.0
86.69999999999709
-81.40000000000146
67.0
-93.0
3.8000000000029104
-71.0
13.0
92.0
-18.0
70.0
-76.0
-4.80000000000291
69.0
-76.0
95.0
-76.89999999999418
-78.0
-33.0
-7.0
-3.1999999999970896
90.0
-42.0
-71.89999999999418
-27.30000000000291
68.0
44.39999999999782
-79.0
-25.0
-93.0
