24.5
24.900000000001455
-11.0
-10.599999999998545
24.599999999998545
24.900000000001455
24.5
25.099999999998545
24.400000000001455
24.599999999998545
24.5
25.099999999998545
24.30000000000291
24.69999999999709
24.39999999999418
24.59999999999127
24.5
24.69999999999709
24.0
24.0
23.0
23.0
24.0
24.0
25.0
25.0
24.0
24.0
24.0
25.0
25.0
25.0
25.0
25.0
25.0
25.0
24.0
24.0
25.0
24.0
-99.0
-99.0
-65.0
-65.0
-56.0
-50.0
-50.0
-43.0
-43.0
-71.0
-70.0
-52.0
-52.0
-20.0
-76.0
-76.0
15.0
-3.0
13.0
-7.0
-26.0
-26.0
22.0
22.0
-37.0
-10.0
-9.0
-12.0
-11.0
-43.0
-43.0
-57.0
-56.0
8.0
9.0
-70.0
-70.0
-11.0
-11.0
-12.0
-12.0
-71.0
-71.0
-9.0
-9.0
-92.0
-91.0
-22.0
-22.0
18.0
19.0
-9.0
-8.0
-37.0
-36.0
-13.0
-13.0
-97.0
-97.0
-89.0
-89.0
3.0
4.0
19.0
-59.0
-59.0
-78.0
-78.0
-59.0
-59.0
30.0
-18.0
-18.0
-70.0
-69.0
-84.0
-84.0
14.0
15.0
-7.0
-85.0
-16.0
-39.0
-19.0
-18.0
-98.0
9.0
9.0
19.0
20.0
-60.0
-59.0
-2.0
-91.0
-90.0
13.0
13.0
-91.0
-50.0
-3.0
-3.0
-85.0
-84.0
-33.0
-33.0
27.0
27.0
29.0
30.0
-2.0
3.0
-71.0
-70.0
-49.0
-48.0
3.0
4.0
-7.0
-6.0
27.0
27.0
-69.0
-69.0
-55.0
-55.0
-97.0
-97.0
-52.0
-84.0
-55.0
-54.0
-53.0
-53.0
-75.0
-75.0
7.0
7.0
-1.0
-1.0
-95.0
-95.0
9.0
9.0
19.0
-64.0
-63.0
1.0
15.0
16.0
24.0
24.0
-46.0
-45.0
-68.0
-68.0
-37.0
-37.0
25.0
26.0
-51.0
-51.0
-61.0
-32.0
22.0
23.0
-66.0
-66.0
-55.0
-55.0
-64.0
-63.0
-36.0
-36.0
-27.0
-27.0
-78.0
-78.0
-47.0
-46.0
-11.0
-11.0
-33.0
-32.0
-10.0
-9.0
-53.0
-52.0
-53.0
-52.0
37.0
-60.0
28.0
28.0
-83.0
-83.0
-50.0
-50.0
-5.0
-4.0
-91.0
-91.0
14.0
14.0
-98.0
-9.0
-9.0
-13.0
-13.0
-41.0
-40.0
-49.0
-48.0
34.0
34.0
-73.0
-73.0
17.0
18.0
-23.0
-23.0
-7.0
-3.0
-3.0
-55.0
-55.0
-70.0
-70.0
-8.0
-7.0
-44.0
-43.0
-93.0
-92.0
-33.0
-62.0
-62.0
-16.0
-16.0
38.0
12.0
12.0
29.0
-63.0
-62.0
-18.0
-90.0
-90.0
-20.0
-62.0
-62.0
-24.0
-83.0
-83.0
-38.0
-38.0
32.0
10.0
-68.0
-68.0
-85.0
-84.0
8.0
8.0
0.0
0.0
35.0
36.0
-76.0
-39.0
-38.0
-90.0
-89.0
-22.0
-21.0
-27.0
-27.0
35.0
35.0
-6.0
-6.0
-91.0
-91.0
23.0
-97.0
-97.0
19.0
-71.0
-33.0
-33.0
22.0
-14.0
-13.0
35.0
-49.0
-48.0
20.0
20.0
-6.0
-83.0
-78.0
-77.0
9.0
9.0
-90.0
-100.0
-100.0
-69.0
-69.0
4.0
5.0
-94.0
-94.0
-82.0
-81.0
18.0
19.0
5.0
5.0
-41.0
-41.0
16.0
16.0
-15.0
-14.0
-77.0
-77.0
-73.0
-94.0
-93.0
-14.0
-13.0
-79.0
-79.0
19.0
19.0
-51.0
-55.0
-55.0
2.0
3.0
-3.0
-2.0
25.0
26.0
-37.0
-37.0
-53.0
-52.0
-83.0
-83.0
12.0
12.0
-37.0
-37.0
-58.0
-57.0
17.0
18.0
-17.0
-16.0
-13.0
-53.0
-52.0
2.0
2.0
-19.0
-79.0
-42.0
-42.0
25.0
26.0
-26.0
-26.0
-18.0
22.0
23.0
-79.0
-78.0
-12.0
-12.0
9.0
10.0
-22.0
-22.0
-6.0
-6.0
30.0
30.0
-5.0
-5.0
-76.0
-75.0
-76.0
-76.0
-35.0
-34.0
-27.0
-26.0
-63.0
-63.0
-39.0
-38.0
-22.0
-22.0
-18.0
-16.0
-16.0
25.0
25.0
-30.0
-30.0
-75.0
-74.0
-92.0
-91.0
-84.0
-84.0
8.0
9.0
5.0
5.0
28.0
28.0
30.0
30.0
-32.0
-32.0
37.0
37.0
-13.0
-13.0
-62.0
-10.0
-10.0
9.0
9.0
-19.0
-19.0
-20.0
-19.0
-54.0
-29.0
-29.0
-49.0
-48.0
19.0
-42.0
-41.0
27.0
28.0
-71.0
-70.0
-64.0
-63.0
9.0
9.0
-21.0
-21.0
-61.0
-67.0
-66.0
-77.0
-86.0
-26.0
-25.0
-86.0
-86.0
-2.0
-2.0
-53.0
-53.0
-45.0
-44.0
-48.0
-48.0
-73.0
-73.0
-24.0
-24.0
-35.0
-35.0
-39.0
1.0
1.0
-83.0
-83.0
-42.0
-41.0
25.0
26.0
13.0
14.0
32.0
33.0
-100.0
-99.0
0.0
1.0
6.0
6.0
-92.0
-91.0
-38.0
-38.0
35.0
35.0
-10.0
-9.0
-34.0
-34.0
-63.0
-63.0
-25.0
-25.0
-57.0
-41.0
-41.0
-62.0
33.0
34.0
-70.0
-70.0
-71.0
-71.0
-27.0
-26.0
-33.0
-33.0
14.0
15.0
-38.0
-37.0
-85.0
-84.0
-71.0
-70.0
-19.0
-19.0
38.0
38.0
16.0
16.0
-4.0
-4.0
-38.0
-38.0
-43.0
8.0
-92.0
-92.0
-79.0
-79.0
-98.0
-98.0
0.0
0.0
36.0
37.0
32.0
33.0
-64.0
-63.0
-17.0
-16.0
-86.0
-85.0
-3.0
-2.0
20.0
20.0
-78.0
-78.0
15.0
16.0
-97.0
-97.0
18.0
11.0
11.0
-44.0
17.0
17.0
2.0
2.0
-24.0
-23.0
-16.0
-15.0
-2.0
-2.0
-67.0
-67.0
12.0
12.0
-58.0
-58.0
-33.0
-33.0
12.0
12.0
-46.0
-32.0
-31.0
-58.0
-58.0
-70.0
-70.0
-63.0
-63.0
-28.0
17.0
18.0
-75.0
-75.0
-93.0
-92.0
-88.0
-88.0
-31.0
-31.0
-58.0
-47.0
-47.0
28.0
-45.0
-45.0
4.0
5.0
19.0
-21.0
-20.0
-44.0
-44.0
9.0
9.0
28.0
29.0
-38.0
-69.0
-69.0
39.0
-97.0
-96.0
-12.0
-12.0
6.0
6.0
-71.0
-81.0
-80.0
-2.0
-2.0
-93.0
-92.0
-9.0
-9.0
-2.0
-2.0
-37.0
-37.0
-42.0
-41.0
16.0
16.0
-63.0
-63.0
11.0
11.0
17.0
18.0
-65.0
-65.0
-46.0
-45.0
7.0
8.0
-1.0
-1.0
-98.0
-98.0
-98.0
-98.0
-99.0
-98.0
-5.0
-31.0
-31.0
-97.0
-96.0
-31.0
-31.0
-53.0
-52.0
-49.0
-48.0
-87.0
-87.0
-67.0
-67.0
-34.0
-34.0
-28.0
-27.0
-31.0
-31.0
-33.0
-33.0
-87.0
-87.0
-14.0
-13.0
-33.0
-33.0
-52.0
21.0
21.0
-23.0
-23.0
-73.0
-72.0
-71.0
-70.0
-15.0
-15.0
-95.0
-95.0
-91.0
-91.0
-77.0
-77.0
15.0
15.0
-25.0
-24.0
1.0
2.0
-19.0
-18.0
-29.0
-29.0
-37.0
-37.0
-61.0
-61.0
-97.0
-97.0
-27.0
-27.0
-34.0
-34.0
-71.0
-73.0
-73.0
30.0
-29.0
-28.0
-32.0
-31.0
-59.0
-59.0
-61.0
-60.0
-2.0
-1.0
11.0
12.0
-34.0
-34.0
-49.0
-48.0
36.0
36.0
-88.0
-88.0
4.0
5.0
-3.0
-2.0
26.0
27.0
-70.0
-70.0
35.0
35.0
-6.0
-6.0
-15.0
-15.0
-99.0
-98.0
39.0
-94.0
-94.0
12.0
12.0
27.0
28.0
0.0
0.0
-12.0
-12.0
-94.0
-93.0
38.0
38.0
-64.0
-64.0
-59.0
-52.0
-52.0
-11.0
-11.0
7.0
7.0
29.0
30.0
-42.0
-41.0
-75.0
-74.0
-42.0
-42.0
-30.0
-29.0
-87.0
-12.0
-12.0
3.0
4.0
-62.0
-35.0
-15.0
-15.0
-71.0
-70.0
-62.0
-62.0
-42.0
-41.0
-94.0
-10.0
-10.0
27.0
27.0
20.0
20.0
-64.0
-64.0
-53.0
-52.0
19.0
-31.0
-31.0
-72.0
-72.0
-13.0
-13.0
39.0
-100.0
-100.0
38.0
38.0
-2.0
-2.0
-16.0
-16.0
-60.0
-59.0
-9.0
-8.0
3.0
4.0
18.0
-36.0
-75.0
-75.0
-49.0
29.0
30.0
-58.0
-58.0
-99.0
-99.0
34.0
34.0
-16.0
-16.0
-10.0
0.0
0.0
23.0
23.0
23.0
23.0
6.0
6.0
-13.0
-13.0
-2.0
-98.0
-98.0
-26.0
-25.0
34.0
34.0
-36.0
3.0
4.0
-47.0
-46.0
-21.0
-90.0
-46.0
-46.0
-13.0
-13.0
-18.0
-18.0
-39.0
-39.0
1.0
2.0
-97.0
-97.0
27.0
-62.0
-62.0
-64.0
-79.0
-79.0
-9.0
-9.0
-25.0
-24.0
-31.0
-31.0
-64.0
-63.0
-19.0
-18.0
-44.0
-44.0
-73.0
-73.0
-3.0
-2.0
3.0
3.0
-8.0
-23.0
-22.0
-47.0
-25.0
-25.0
33.0
-91.0
-91.0
-74.0
-73.0
-75.0
-74.0
-89.0
-88.0
-61.0
-61.0
-19.0
-19.0
-26.0
-26.0
-49.0
-49.0
30.0
-18.0
-17.0
-36.0
-35.0
-49.0
-48.0
0.0
1.0
-6.0
-11.0
-10.0
-28.0
-27.0
8.0
-71.0
32.0
33.0
11.0
12.0
-8.0
-7.0
-85.0
-84.0
37.0
37.0
-25.0
-25.0
-67.0
-66.0
4.0
5.0
-5.0
35.0
35.0
39.0
21.0
21.0
24.0
-29.0
-28.0
-71.0
-71.0
-12.0
-12.0
39.0
-84.0
-84.0
0.0
0.0
-18.0
-17.0
2.0
2.0
-25.0
-24.0
-100.0
-99.0
9.0
9.0
-60.0
-59.0
19.0
19.0
-8.0
-8.0
-78.0
-78.0
-40.0
-59.0
-59.0
-23.0
-23.0
-43.0
9.0
9.0
-14.0
-13.0
-94.0
-94.0
-47.0
-46.0
-89.0
-88.0
-87.0
-87.0
-65.0
14.0
-46.0
-45.0
-30.0
-48.0
-48.0
-63.0
-63.0
12.0
-5.0
-5.0
-35.0
-34.0
-15.0
-15.0
-2.0
-2.0
-100.0
-87.0
-87.0
-26.0
-25.0
36.0
37.0
32.0
33.0
-90.0
-89.0
-96.0
-63.0
-63.0
25.0
-17.0
-16.0
21.0
22.0
-88.0
-56.0
-56.0
-75.0
-75.0
8.0
9.0
-68.0
-68.0
-83.0
-83.0
19.0
19.0
-99.0
-98.0
-51.0
-51.0
7.0
-46.0
-45.0
-79.0
-79.0
-4.0
-3.0
-9.0
-9.0
-27.0
-27.0
-92.0
-91.0
-35.0
-35.0
-33.0
-32.0
-15.0
-14.0
-78.0
-77.0
-73.0
-72.0
-76.0
-75.0
-9.0
-9.0
32.0
32.0
-43.0
-43.0
37.0
37.0
-47.0
-46.0
19.0
19.0
-44.0
-43.0
-69.0
-69.0
-18.0
-17.0
-80.0
-80.0
22.0
23.0
-17.0
-16.0
-84.0
-18.0
-17.0
-25.0
-81.0
-81.0
-62.0
-62.0
29.0
29.0
-56.0
-56.0
37.0
37.0
-48.0
-47.0
-12.0
-12.0
15.0
16.0
-6.0
-6.0
-4.0
-4.0
-42.0
-41.0
-62.0
-62.0
6.0
-56.0
-56.0
6.0
7.0
-68.0
-68.0
-2.0
-2.0
-52.0
-52.0
-26.0
-25.0
-4.0
-4.0
-96.0
-96.0
-21.0
-20.0
-34.0
-54.0
-54.0
-69.0
-69.0
-86.0
-85.0
-67.0
24.0
24.0
-20.0
-20.0
-29.0
-28.0
-64.0
-97.0
-97.0
-87.0
-86.0
17.0
18.0
-81.0
-81.0
-25.0
-30.0
-30.0
26.0
27.0
-68.0
-67.0
-50.0
18.0
18.0
-83.0
25.0
26.0
-4.0
-4.0
-33.0
-33.0
3.0
4.0
-71.0
-70.0
-24.0
-23.0
-35.0
-34.0
-54.0
-53.0
-35.0
-34.0
-19.0
-19.0
-98.0
-98.0
-35.0
-34.0
-41.0
-41.0
11.0
-68.0
-67.0
-70.0
24.0
24.0
-75.0
-75.0
-67.0
-66.0
-42.0
-69.0
-69.0
-31.0
21.0
22.0
-79.0
-79.0
25.0
25.0
-22.0
-21.0
1.0
1.0
-52.0
-52.0
17.0
18.0
-76.0
-76.0
-85.0
-84.0
-35.0
-35.0
17.0
-42.0
-42.0
-7.0
-7.0
32.0
34.0
34.0
-31.0
-31.0
10.0
10.0
16.0
16.0
-46.0
-45.0
-86.0
-86.0
-57.0
-56.0
-45.0
-45.0
-30.0
-30.0
-54.0
-73.0
-73.0
-51.0
-51.0
-98.0
-98.0
4.0
4.0
-63.0
-61.0
-60.0
-22.0
-22.0
-49.0
-48.0
18.0
19.0
33.0
33.0
30.0
30.0
25.0
25.0
38.0
38.0
-97.0
-97.0
35.0
36.0
20.0
21.0
31.0
32.0
-28.0
-28.0
-29.0
-29.0
-13.0
-13.0
-43.0
-42.0
-94.0
-94.0
-36.0
-36.0
-10.0
-9.0
32.0
32.0
-24.0
-15.0
-15.0
-2.0
-2.0
-44.0
-43.0
12.0
-81.0
-81.0
15.0
16.0
17.0
-56.0
-55.0
-100.0
-100.0
1.0
2.0
17.0
18.0
-47.0
-47.0
-6.0
-30.0
27.0
27.0
-43.0
-43.0
-86.0
-85.0
-24.0
-5.0
-5.0
-16.0
-16.0
5.0
-66.0
-66.0
-20.0
5.0
5.0
-52.0
-52.0
-9.0
37.0
-41.0
-41.0
-83.0
-83.0
14.0
-53.0
-53.0
-50.0
-49.0
-44.0
-44.0
-79.0
-78.0
-77.0
-77.0
-73.0
-73.0
-56.0
-56.0
-27.0
-2.0
-2.0
-51.0
-50.0
10.0
11.0
17.0
18.0
-96.0
-73.0
-73.0
-96.0
6.0
-82.0
10.0
-40.0
-33.0
-81.0
63.0
64.0
99.0
2.0
-69.0
37.0
-38.0
98.0
-12.0
-82.0
73.0
3.0
-29.0
86.0
-64.0
-49.0
37.0
83.0
63.0
-18.0
-53.0
-53.0
-10.0
44.0
74.0
-87.0
90.0
-61.0
-6.0
-59.0
99.0
-69.0
29.0
2.0
-75.0
-96.0
-80.0
-66.0
45.0
-77.0
51.0
54.0
32.0
-34.0
53.0
-28.0
-3.0
-16.0
-20.0
-72.0
15.0
94.0
76.0
-13.0
-68.0
61.0
62.0
-5.0
-89.0
64.0
34.0
-64.0
36.0
-70.0
-82.0
42.0
-86.0
-55.0
-56.0
1.0
-1.0
75.0
78.0
-42.0
-62.0
18.0
-51.0
66.0
90.0
-98.0
-28.0
-29.0
44.0
97.0
33.0
-78.0
16.0
52.0
-3.0
67.0
3.0
4.0
7.0
70.0
-10.0
36.0
36.0
-90.0
-96.0
-49.0
-52.0
-63.0
-20.0
-53.0
-37.0
34.0
-25.0
95.0
-9.0
-90.0
-74.0
59.0
-52.0
17.0
47.0
-31.0
9.0
73.0
-31.0
-33.0
8.0
-80.0
47.0
11.0
20.0
-31.0
-39.0
-70.0
32.0
-39.0
63.0
-21.0
-22.0
-16.0
46.0
6.0
16.0
-15.0
54.0
-42.0
81.0
-9.0
-19.0
-3.0
-34.0
-82.0
-78.0
73.0
68.0
-3.0
-93.0
58.0
16.0
74.0
97.0
77.0
51.0
87.0
29.0
-23.0
56.0
55.0
20.0
19.0
-92.0
90.0
55.0
55.0
-62.0
27.0
-16.0
-69.0
-18.0
12.0
71.0
-66.0
23.0
74.0
56.0
82.0
47.0
-72.0
-20.0
-8.0
36.0
-100.0
17.0
-34.0
-93.0
44.0
44.0
78.0
-18.0
-11.0
-42.0
5.0
-94.0
-48.0
-21.0
1.0
-40.0
94.0
58.0
-24.0
-65.0
-58.0
84.0
83.0
48.0
14.0
-56.0
-4.0
-29.0
24.0
66.0
24.0
71.0
9.0
-65.0
-54.0
79.0
75.0
52.0
-3.0
-81.0
92.0
37.0
15.0
-47.0
92.0
74.0
-100.0
35.0
34.0
58.0
-88.0
74.0
-18.0
54.0
9.0
85.0
-81.0
86.0
-18.0
92.0
-71.0
37.0
37.0
14.0
76.0
76.0
-54.0
-89.0
-89.0
-50.0
-79.0
-74.0
16.0
-14.0
63.0
62.0
-67.0
70.0
36.0
76.0
37.0
-73.0
3.0
-5.0
-46.0
-62.0
-30.0
-48.0
41.0
32.0
27.0
-55.0
72.0
-65.0
12.0
-55.0
-33.0
-53.0
13.0
-22.0
23.0
48.0
-84.0
49.0
83.0
47.0
47.0
75.0
-68.0
-83.0
-58.0
39.0
74.0
76.0
1.0
41.0
-1.0
76.0
51.0
8.0
-99.0
20.0
-96.0
48.0
-14.0
-34.0
16.0
3.0
71.0
-85.0
62.0
61.0
-71.0
-28.0
74.0
73.0
-95.0
8.0
52.0
-45.0
36.0
-68.0
-15.0
17.0
-96.0
-1.0
-45.0
24.0
88.0
-25.0
-29.0
-39.0
32.0
-74.0
25.0
-43.0
1.0
97.0
55.0
-92.0
-9.0
30.0
5.0
-36.0
-82.0
60.0
-60.0
19.0
-58.0
-15.0
31.0
78.0
78.0
-29.0
95.0
50.0
42.0
52.0
-6.0
-7.0
-25.0
-19.0
70.0
-66.0
-67.0
95.0
-84.0
-75.0
64.0
-41.0
21.0
76.0
40.0
30.0
-60.0
95.0
58.0
47.0
-73.0
-47.0
-68.0
88.0
52.0
84.0
-36.0
-97.0
88.0
83.0
-36.0
15.0
-3.0
-4.0
92.0
-84.0
76.0
73.0
73.0
87.0
-3.0
-67.0
12.0
-41.0
-92.0
18.0
-39.0
-57.0
-58.0
-46.0
-99.0
9.0
-25.0
76.0
83.0
-1.0
-28.0
49.0
33.0
-19.0
-30.0
-65.0
-98.0
61.0
26.0
26.0
-29.0
-61.0
0.0
29.0
-51.0
-82.0
79.0
-15.0
-50.0
17.0
51.0
15.0
14.0
87.0
-66.0
23.0
22.0
-24.0
82.0
30.0
26.0
-84.0
-16.0
40.0
-46.0
25.0
-55.0
-70.0
-70.0
50.0
-82.0
-84.0
-85.0
96.0
-96.0
-2.0
45.0
-12.0
59.0
72.0
51.0
-76.0
6.0
-30.0
-19.0
-5.0
71.0
-49.0
94.0
49.0
47.0
-5.0
76.0
-87.0
57.0
84.0
28.0
-92.0
0.0
80.0
-60.0
-80.0
55.0
54.0
-17.0
94.0
94.0
34.0
28.0
50.0
-3.0
98.0
-70.0
96.0
-13.0
-3.0
-51.0
-92.0
73.0
-40.0
-83.0
90.0
-40.0
-87.0
-34.0
3.0
16.0
57.0
-48.0
-35.0
-36.0
30.0
-33.0
-89.0
31.0
81.0
-11.0
-69.0
-37.0
86.0
40.0
3.0
76.0
-81.0
26.0
7.0
7.0
-9.0
-10.0
84.0
-56.0
70.0
36.0
-40.0
-65.0
59.0
-17.0
-20.0
33.0
11.0
17.0
25.0
-56.0
35.0
22.0
-76.0
-95.0
65.0
-27.0
-85.0
58.0
9.0
65.0
87.0
39.0
-52.0
31.0
-37.0
1.0
-60.0
-12.0
-7.0
-97.0
-49.0
65.0
-21.0
47.0
98.0
-28.0
-28.0
66.0
65.0
-62.0
-98.0
-100.0
-3.0
14.0
-19.0
28.0
84.0
4.0
0.0
70.0
-52.0
-41.0
36.0
27.0
4.0
-23.0
-82.0
94.0
76.0
-96.0
-23.0
-30.0
86.0
70.0
46.0
-69.0
-80.0
-97.0
66.0
-47.0
-75.0
8.0
18.0
64.0
56.0
-46.0
-72.0
-6.0
-39.0
-17.0
47.0
27.0
45.0
-71.0
52.0
-81.0
36.0
1.0
0.0
40.0
67.0
6.0
-29.0
8.0
-15.0
76.0
53.0
-82.0
-91.0
45.0
-59.0
-94.0
-95.0
36.0
-66.0
67.0
-33.0
18.0
46.0
-17.0
-21.0
-72.0
55.0
43.0
-73.0
-72.0
36.0
58.0
12.0
-71.0
-82.0
69.0
-9.0
-72.0
44.0
-1.0
5.0
67.0
66.0
0.0
85.0
81.0
81.0
-93.0
-25.0
24.0
-18.0
-30.0
-32.0
-85.0
-58.0
-38.0
-93.0
7.0
36.0
-71.0
26.0
20.0
-65.0
-77.0
-91.0
89.0
82.0
-91.0
-14.0
-49.0
-49.0
-50.0
-7.0
64.0
99.0
-27.0
16.0
-84.0
-49.0
-31.0
5.0
59.0
-98.0
-54.0
72.0
-66.0
61.0
-82.0
-84.0
-41.0
-69.0
72.0
-48.0
57.0
-56.0
-47.0
17.0
15.0
12.0
35.0
-88.0
-28.0
-79.0
58.0
9.0
9.0
40.0
34.0
-71.0
2.0
-89.0
84.0
-63.0
30.0
97.0
89.0
60.0
-92.0
-48.0
-82.0
-60.0
64.0
-15.0
-83.0
-66.0
-40.0
-22.0
43.0
7.0
21.0
20.0
49.0
-31.0
47.0
-33.0
30.0
-52.0
-6.0
-97.0
-41.0
40.0
87.0
-50.0
45.0
5.0
-61.0
27.0
50.0
15.0
15.0
14.0
-59.0
-94.0
-95.0
71.0
36.0
35.0
75.0
-87.0
-46.0
62.0
17.0
44.0
79.0
-32.0
-83.0
13.0
-63.0
22.0
92.0
18.0
-28.0
52.0
47.0
-46.0
-20.0
-20.0
-72.0
34.0
-64.0
-86.0
28.0
59.0
-74.0
-75.0
50.0
-14.0
51.0
-37.0
12.0
-62.0
-8.0
-9.0
-44.0
71.0
87.0
-4.0
-2.0
35.0
-87.0
13.0
17.0
-98.0
74.0
82.0
22.0
76.0
-92.0
-34.0
26.0
29.0
61.0
60.0
46.0
-24.0
-33.0
-69.0
50.0
50.0
-14.0
10.0
-46.0
-2.0
-59.0
83.0
-62.0
-81.0
-41.0
45.0
-10.0
73.0
-62.0
-60.0
-61.0
48.0
-80.0
-90.0
30.0
-49.0
-7.0
15.0
-89.0
88.0
4.0
97.0
76.0
99.0
-61.0
15.0
-20.0
-20.0
-38.0
-10.0
-11.0
68.0
34.0
-81.0
14.0
3.0
77.0
-2.0
-91.0
54.0
-27.0
59.0
-100.0
7.0
-60.0
92.0
-18.0
-53.0
91.0
25.0
-81.0
-61.0
-26.0
-38.0
13.0
5.0
52.0
-83.0
74.0
94.0
-81.0
99.0
-27.0
-51.0
-83.0
-54.0
4.0
-79.0
-22.0
57.0
-52.0
-52.0
68.0
68.0
47.0
6.0
18.0
74.0
-20.0
-4.0
-29.0
84.0
41.0
62.0
10.0
-47.0
49.0
-16.0
-23.0
-68.0
-51.0
54.0
-100.0
-50.0
-2.0
53.0
73.0
-1.0
-92.0
41.0
96.0
63.0
61.0
37.0
-44.0
-86.0
-97.0
-98.0
-35.0
28.0
-4.0
-21.0
-16.0
-89.0
60.0
11.0
-75.0
-60.0
25.0
38.0
-56.0
75.0
92.0
15.0
-22.0
-23.0
41.0
-77.0
-79.0
-41.0
93.0
-18.0
18.0
-78.0
96.0
15.0
17.0
94.0
-90.0
-24.0
-9.0
-37.0
39.0
63.0
-38.0
1.0
-33.0
-82.0
98.0
44.0
-28.0
49.0
71.0
21.0
-64.0
-92.0
92.0
38.0
-89.0
99.0
-26.0
-51.0
-74.0
-74.0
57.0
13.0
12.0
15.0
74.0
74.0
43.0
-54.0
30.0
-10.0
-6.0
18.0
-24.0
55.0
26.0
67.0
50.0
66.0
81.0
97.0
-13.0
7.0
87.0
87.0
98.0
13.0
20.0
77.0
95.0
-34.0
88.0
84.0
-32.0
-75.0
-40.0
-80.0
12.0
-60.0
57.0
44.0
-34.0
-100.0
-3.0
51.0
-80.0
-100.0
-31.0
-64.0
-78.0
45.0
82.0
75.0
-91.0
-40.0
-27.0
63.0
-58.0
86.0
61.0
-78.0
-79.0
-44.0
54.0
-16.0
-4.0
4.0
97.0
73.0
-96.0
-54.0
9.0
28.0
-42.0
26.0
-73.0
-35.0
-16.0
75.0
-85.0
-54.0
-80.0
-3.0
77.0
82.0
-8.0
18.0
79.0
73.0
50.0
52.0
19.0
-62.0
-79.0
9.0
89.0
88.0
-48.0
-49.0
72.0
76.0
-86.0
-87.0
36.0
-37.0
-73.0
-74.0
-45.0
-95.0
6.0
91.0
18.0
-16.0
51.0
93.0
61.0
67.0
-29.0
58.0
56.0
41.0
-75.0
46.0
-23.0
5.0
-56.0
-20.0
-52.0
82.0
-12.0
76.0
41.0
-88.0
-67.0
-42.0
22.0
68.0
-57.0
5.0
-16.0
-83.0
-57.0
-58.0
62.0
91.0
76.0
86.0
1.0
-15.0
-88.0
43.0
31.0
-88.0
-58.0
-48.0
-8.0
-55.0
-91.0
84.0
-10.0
78.0
61.0
-82.0
41.0
-80.0
97.0
96.0
-100.0
-15.0
33.0
55.0
-7.0
-14.0
80.0
-60.0
50.0
85.0
-49.0
-47.0
-83.0
-83.0
-31.0
-97.0
80.0
33.0
4.0
1.0
-87.0
-56.0
-34.0
-7.0
-8.0
-76.0
1.0
2.0
90.0
46.0
-22.0
-72.0
92.0
-42.0
77.0
76.0
2.0
14.0
72.0
-87.0
-38.0
-41.0
-15.0
28.0
96.0
22.0
79.0
-37.0
-24.0
22.0
63.0
47.0
82.0
30.0
-60.0
78.0
-20.0
66.0
-83.0
21.0
-54.0
66.0
-40.0
-10.0
44.0
-80.0
33.0
32.0
6.0
-56.0
-57.0
-78.0
-37.0
28.0
-27.0
3.0
-33.0
15.0
92.0
22.0
-62.0
99.0
-11.0
-4.0
-39.0
88.0
-26.0
86.0
56.0
3.0
54.0
5.0
-69.0
96.0
31.0
79.0
67.0
93.0
-48.0
72.0
27.0
-8.0
-9.0
-7.0
-3.0
-1.0
5.0
3.0
3.0
-25.0
90.0
76.0
77.0
-29.0
64.0
92.0
-63.0
34.0
-30.0
11.0
-54.0
34.0
42.0
25.0
10.0
82.0
86.0
-72.0
64.0
-8.0
1.0
-59.0
-6.0
-92.0
-48.0
21.0
88.0
-58.0
-24.0
-59.0
-59.0
-13.0
-81.0
-96.0
-7.0
39.0
-98.0
-30.0
-1.0
76.0
40.0
39.0
-13.0
18.0
-24.0
-25.0
-30.0
-37.0
-69.0
35.0
-3.0
35.0
-84.0
-84.0
14.0
-13.0
-1.0
-90.0
50.0
31.0
-42.0
-44.0
-73.0
-93.0
35.0
33.0
3.0
-75.0
-99.0
14.0
-100.0
-84.0
32.0
39.0
37.0
-74.0
-26.0
20.0
-68.0
-30.0
31.0
77.0
-37.0
77.0
41.0
-93.0
-65.0
-53.0
36.0
-28.0
49.0
-80.0
-69.0
84.0
-64.0
-48.0
85.0
-32.0
86.0
86.0
51.0
75.0
55.0
58.0
-66.0
-88.0
60.0
-24.0
93.0
33.0
7.0
37.0
63.0
-30.0
-96.0
72.0
79.0
97.0
-52.0
-59.0
63.0
-44.0
83.0
-41.0
28.0
-77.0
-82.0
-27.0
-13.0
-16.0
-40.0
-16.0
30.0
-1.0
24.0
12.0
-3.0
-98.0
-70.0
36.0
15.0
-57.0
-58.0
-20.0
-21.0
3.0
29.0
-7.0
-57.0
23.0
-37.0
96.0
-65.0
-47.0
-70.0
-70.0
84.0
13.0
-38.0
-39.0
-99.0
43.0
89.0
-88.0
-66.0
28.0
90.0
-50.0
5.0
60.0
-67.0
50.0
-32.0
-57.0
41.0
-77.0
50.0
-78.0
73.0
-74.0
32.0
24.0
66.0
-51.0
36.0
13.0
-7.0
-96.0
-36.0
10.0
55.0
29.0
-10.0
92.0
98.0
29.0
-99.0
43.0
-49.0
20.0
-88.0
-89.0
11.0
-24.0
10.0
73.0
-76.0
-21.0
-47.0
72.0
79.0
-58.0
64.0
-72.0
-28.0
-38.0
46.0
-34.0
19.0
13.0
-22.0
20.0
-39.0
16.0
-61.0
47.0
-82.0
89.0
4.0
28.0
-50.0
-51.0
7.0
-38.0
16.0
11.0
-89.0
-5.0
-70.0
67.0
-44.0
-63.0
-61.0
35.0
-78.0
41.0
-66.0
44.0
-24.0
57.0
-34.0
-83.0
-84.0
-79.0
96.0
61.0
-10.0
1.0
-88.0
-68.0
-93.0
-95.0
-100.0
-65.0
69.0
61.0
-35.0
-14.0
-42.0
-59.0
-37.0
21.0
74.0
52.0
-53.0
-89.0
-89.0
-71.0
7.0
-73.0
10.0
-26.0
-27.0
-99.0
-70.0
44.0
35.0
-56.0
53.0
24.0
17.0
91.0
-8.0
-61.0
-12.0
-91.0
-6.0
49.0
-62.0
-69.0
-20.0
-37.0
-9.0
-3.0
-21.0
94.0
56.0
14.0
46.0
28.0
-28.0
-54.0
47.0
20.0
2.0
-77.0
-82.0
-89.0
-21.0
-57.0
-57.0
-1.0
96.0
11.0
-32.0
66.0
16.0
63.0
-39.0
78.0
37.0
-24.0
69.0
-40.0
91.0
94.0
94.0
24.0
-51.0
-52.0
-14.0
91.0
-41.0
-33.0
-68.0
11.0
-34.0
81.0
71.0
87.0
-33.0
49.0
-21.0
-14.0
-7.0
-30.0
-84.0
-7.0
32.0
46.0
-18.0
36.0
-23.0
12.0
24.0
-61.0
-33.0
-54.0
-90.0
-59.0
-25.0
-11.0
97.0
19.0
-19.0
18.0
-19.0
39.0
74.0
76.0
40.0
19.0
-1.0
-91.0
-47.0
55.0
-69.0
79.0
40.0
40.0
-60.0
64.0
29.0
28.0
-1.0
-36.0
-37.0
-7.0
64.0
60.0
-89.0
-19.0
-33.0
-66.0
36.0
17.0
-58.0
-47.0
-43.0
-58.0
22.0
-49.0
80.0
-98.0
43.0
-95.0
-66.0
56.0
88.0
-67.0
-96.0
-97.0
-61.0
89.0
-3.0
98.0
-7.0
66.0
-27.0
-37.0
-82.0
-31.0
-32.0
-83.0
-64.0
39.0
-94.0
1.0
0.0
14.0
-37.0
25.0
-4.0
-5.0
-31.0
51.0
-52.0
25.0
-10.0
0.0
-79.0
67.0
40.0
-11.0
-8.0
-51.0
-52.0
18.0
-37.0
-43.0
-65.0
-85.0
-98.0
13.0
-22.0
-23.0
89.0
-14.0
52.0
-57.0
90.0
-43.0
-25.0
98.0
57.0
56.0
4.0
34.0
-49.0
-23.0
-51.0
-76.0
38.0
-90.0
20.0
84.0
3.0
-56.0
71.0
-17.0
-95.0
-29.0
42.0
39.0
44.0
43.0
-11.0
-7.0
-91.0
-22.0
81.0
81.0
-85.0
-45.0
-81.0
-32.0
45.0
-13.0
-45.0
-94.0
2.0
25.0
-94.0
83.0
-54.0
64.0
-72.0
